ID	FGM	FGA	FGK	SPK	FGP	FSN	FGT	FGG	FSG	CGB	DGR	DIN	FCN	ARR	GCN	CSE	EAL	CAL	LKA	LKO	LKP	GAD	GFL	ALP	PSC	RHM	FRC	NRC	NUP	PNP	NUD	APO
Sic	1	1	1	0	1	1	0	1	1	0	1	0	0	1	0	1	0	0	0	0	0	1	0	0	1	0	1	0	0	1	1	1
NCa	1	1	1	0	1	1	0	1	1	0	1	0	0	1	0	1	0	0	0	0	0	1	0	0	1	0	1	0	0	1	1	1
It	1	1	1	0	1	1	0	1	1	0	1	0	0	1	0	1	0	0	0	0	0	1	0	0	1	0	1	0	0	1	1	1
Sp	1	1	1	0	1	1	0	1	1	0	1	0	0	1	0	1	0	0	0	0	0	1	0	0	1	0	1	0	0	1	1	1
Fr	1	1	1	0	1	1	0	1	1	0	1	0	0	1	0	1	0	0	0	0	0	1	0	0	1	0	1	0	0	1	1	0
Ptg	1	1	1	0	1	1	0	1	1	0	1	0	0	1	0	1	0	0	0	0	0	1	0	0	1	0	1	0	0	1	1	1
Rm	1	1	1	0	1	1	0	1	1	0	1	0	0	1	0	1	0	0	0	0	0	1	0	0	1	0	1	0	0	1	1	0
CGB	1	1	1	0	1	1	0	1	1	0	1	0	0	1	0	1	0	0	0	0	0	0	1	0	1	0	1	0	0	1	1	0
Grk	1	1	1	0	1	1	0	1	1	0	1	0	0	1	0	1	0	0	0	0	0	0	1	0	1	0	1	0	0	1	1	0
CyG	1	1	1	0	1	1	0	1	1	0	1	0	0	1	0	1	0	0	0	0	0	0	1	0	1	0	1	0	0	1	1	0
En	1	1	1	0	1	1	0	0	1	0	1	0	0	0	0	1	0	0	0	0	0	1	0	0	1	0	1	0	0	1	1	0
Du	1	1	1	0	1	1	0	1	1	0	1	0	0	0	0	1	0	0	0	0	0	1	0	0	1	0	1	0	0	1	1	0
Afk	1	1	1	0	1	1	0	0	1	0	1	0	0	0	0	1	0	0	0	0	0	1	0	0	1	0	1	0	0	1	1	0
Dut	1	1	1	0	1	1	0	1	1	0	1	0	0	0	0	1	0	0	0	0	0	1	1	0	1	0	1	0	0	1	1	0
Da	1	1	1	0	1	1	0	1	1	0	1	0	0	0	0	1	0	0	0	0	0	1	0	0	1	0	1	0	0	1	1	0
Ice	1	1	1	0	1	1	0	1	1	0	1	0	0	0	0	1	0	0	0	0	0	1	1	0	1	0	1	0	0	1	1	0
FO	1	1	1	0	1	1	0	1	1	0	1	0	0	0	0	1	0	0	0	0	0	1	0	0	1	0	1	0	0	1	1	0
Nor	1	1	1	0	1	1	0	1	1	0	1	0	0	0	0	1	0	0	0	0	0	1	0	0	1	0	1	0	0	1	1	0
Blg	1	1	1	0	1	1	0	1	1	0	1	0	0	0	0	1	0	0	0	0	0	1	0	0	1	0	1	0	0	1	1	1
SC	1	1	1	0	1	1	0	1	1	0	0	0	0	0	0	1	0	0	0	0	0	0	1	0	1	0	1	0	0	1	1	1
Slo	1	1	1	0	1	1	0	1	1	0	0	0	0	0	0	1	0	0	0	0	0	0	1	0	1	0	1	0	0	1	1	1
Po	1	1	1	0	1	1	0	1	1	0	0	0	0	0	0	1	0	0	0	0	0	0	1	0	1	0	1	0	0	1	1	1
Rus	1	1	1	0	1	1	0	1	1	0	0	0	0	0	0	1	0	0	0	0	0	0	1	0	1	0	1	0	0	1	1	1
Ir	1	1	1	0	1	1	0	1	1	0	1	0	0	0	0	1	0	0	0	0	0	1	1	0	0	0	1	0	0	1	1	0
Wel	1	1	1	0	1	1	0	1	1	0	1	0	0	0	0	1	0	0	0	0	0	1	1	0	0	0	1	0	0	1	1	0
Ma	1	1	1	0	1	1	0	1	1	1	0	0	0	1	0	1	0	0	0	0	0	1	0	0	1	0	1	1	1	-9	1	0
Hi	1	1	1	0	1	1	0	1	1	1	0	0	0	1	0	1	0	0	0	0	0	1	0	0	1	0	1	0	1	-9	1	0
Pas	1	1	1	0	1	1	0	1	1	0	0	0	0	1	0	1	0	0	0	0	0	1	0	0	1	0	1	1	0	0	1	0
Ta	1	1	1	0	1	1	0	1	1	1	0	0	1	0	0	1	0	1	0	0	0	1	0	0	1	0	0	-9	1	-9	1	0
Te	1	1	1	0	1	1	0	1	1	1	0	0	1	0	0	1	0	1	0	0	0	1	0	0	1	0	0	-9	1	-9	1	0
Man	0	-9	-9	-9	-9	-9	0	-9	-9	1	-9	-9	-9	1	0	1	-9	-9	1	-9	1	-9	0	0	-9	-9	1	0	-9	-9	-9	0
Can	0	-9	-9	-9	-9	-9	0	-9	-9	1	-9	-9	-9	1	0	1	-9	-9	1	-9	1	-9	0	0	-9	-9	1	0	-9	-9	-9	0
Jap	1	0	1	0	0	-9	0	-9	-9	0	-9	-9	-9	1	0	1	0	0	1	-9	0	-9	0	0	-9	-9	1	1	-9	-9	-9	-9
Kor	1	0	1	0	0	-9	0	-9	-9	0	-9	-9	-9	1	0	1	0	0	1	-9	0	-9	0	0	-9	-9	1	0	-9	-9	-9	-9
Ar	1	1	1	0	1	1	0	1	1	0	1	1	0	0	1	1	0	0	0	0	0	1	-9	0	-9	0	1	0	0	1	1	0
Heb	1	1	1	0	1	1	0	1	1	0	1	0	0	0	1	1	0	1	0	0	0	1	-9	0	-9	0	1	0	0	1	1	0
Hu	1	1	1	1	1	1	0	0	0	1	1	0	0	0	1	0	-9	-9	0	0	0	0	-9	0	0	1	1	0	-9	0	1	-9
KhB	1	1	1	0	1	1	0	0	0	1	0	0	0	0	1	0	-9	-9	0	0	0	0	-9	0	0	1	1	1	-9	0	1	-9
Est	1	1	1	1	1	1	0	0	0	0	0	0	0	0	0	1	0	0	0	0	0	-9	-9	0	0	0	1	0	0	0	1	0
Fin	1	1	1	1	1	1	0	0	0	0	0	0	0	0	1	1	0	0	0	0	0	-9	-9	0	0	0	1	1	0	0	1	-9
mMB	1	1	1	1	1	1	0	0	0	1	0	0	0	0	1	1	0	-9	0	0	0	0	-9	0	0	0	1	1	1	-9	1	-9
UdB	1	1	1	1	1	1	0	0	0	1	0	0	0	0	1	1	0	-9	0	0	0	1	-9	0	0	0	1	1	1	-9	1	-9
Yu	1	1	1	0	1	1	0	0	0	1	0	0	0	1	1	1	0	0	0	1	1	1	0	0	-9	0	0	-9	1	-9	1	-9
EvA	1	1	1	1	1	1	0	0	0	1	0	0	0	1	1	1	0	-9	0	0	0	0	-9	1	1	0	0	-9	1	-9	1	-9
EvB	1	1	1	1	1	1	0	0	0	1	0	0	0	1	1	1	0	-9	0	0	0	0	-9	1	1	0	0	-9	1	-9	1	-9
Ek	1	1	1	1	1	1	0	0	0	1	0	0	0	1	1	1	0	-9	0	0	0	0	-9	1	1	0	0	-9	1	-9	1	-9
Ya	1	1	1	0	1	1	0	0	0	1	0	0	0	1	1	1	0	-9	0	0	0	0	-9	0	0	1	0	-9	1	-9	1	-9
Uz	1	1	1	0	1	1	0	0	0	1	0	0	0	1	1	1	0	-9	0	0	0	0	-9	0	-9	0	0	-9	1	-9	1	-9
Kaz	1	1	1	0	1	1	0	0	0	1	0	0	0	1	1	1	0	-9	0	0	0	0	-9	0	0	0	0	-9	1	-9	1	-9
Kyr	1	1	1	0	1	1	0	0	0	1	0	0	0	1	1	1	0	-9	0	0	0	0	-9	0	0	0	0	-9	1	-9	1	-9
Tur	1	1	1	0	1	1	0	0	0	1	0	0	0	1	1	1	0	-9	0	0	0	0	-9	0	0	0	0	-9	1	-9	1	-9
Bur	1	1	1	0	1	1	0	0	0	1	0	0	0	1	1	1	0	1	0	0	0	1	0	0	0	0	0	-9	1	-9	1	-9
cB	1	1	1	0	1	0	0	0	0	0	0	-9	0	0	0	1	0	0	0	1	0	1	0	0	-9	0	1	1	1	-9	0	0
wB	1	1	1	0	1	0	0	0	1	0	0	-9	0	0	0	1	0	0	0	1	0	1	0	0	-9	0	1	1	1	-9	0	0
Wo	1	1	0	-9	1	0	1	1	0	1	1	-9	0	1	1	1	-9	-9	1	-9	1	-9	-9	0	-9	0	1	0	0	1	0	0
Mal	1	0	1	0	1	0	0	0	0	1	0	-9	0	0	1	1	0	-9	0	0	0	0	-9	0	-9	0	1	1	0	1	1	-9
Arc	1	1	1	0	1	1	0	1	1	1	0	0	0	0	0	1	1	-9	0	0	0	0	-9	0	0	0	0	-9	1	-9	1	0
Lak	1	1	1	0	1	1	0	1	1	1	0	0	0	0	0	1	1	-9	0	0	0	0	-9	0	0	0	0	-9	1	-9	1	0
