	Sp	Rm	Grk	E	D	Da	Blg	Slo	Wel	Hi	Pas	Te	Can	Jap	Kor	Ar	Hu	KhB	Est	Fin	mMB	UdB	Yu	EvA	Ya	Uz	Tur	Bur	cB	wB	Wo	Mal	Arc
Sp	0.0	0.062	0.176	0.188	0.176	0.125	0.062	0.235	0.235	0.235	0.235	0.421	0.625	0.444	0.375	0.235	0.579	0.632	0.5	0.529	0.579	0.526	0.5	0.526	0.556	0.5	0.529	0.5	0.588	0.529	0.526	0.588	0.5
Rm	0.062	0.0	0.125	0.133	0.125	0.067	0.125	0.294	0.188	0.188	0.188	0.389	0.571	0.444	0.375	0.188	0.579	0.632	0.467	0.529	0.579	0.526	0.5	0.526	0.556	0.5	0.529	0.5	0.562	0.5	0.5	0.588	0.471
Grk	0.176	0.125	0.0	0.25	0.125	0.188	0.235	0.188	0.188	0.294	0.294	0.474	0.625	0.5	0.444	0.25	0.556	0.611	0.467	0.529	0.556	0.579	0.579	0.5	0.529	0.467	0.5	0.579	0.647	0.588	0.5	0.562	0.438
E	0.188	0.133	0.25	0.0	0.133	0.071	0.133	0.312	0.2	0.312	0.312	0.412	0.714	0.556	0.5	0.2	0.529	0.588	0.385	0.467	0.529	0.471	0.529	0.556	0.588	0.533	0.562	0.529	0.5	0.429	0.611	0.533	0.5
D	0.176	0.125	0.125	0.133	0.0	0.067	0.125	0.188	0.067	0.294	0.294	0.389	0.75	0.6	0.556	0.133	0.556	0.611	0.429	0.5	0.556	0.5	0.579	0.579	0.611	0.562	0.588	0.579	0.562	0.5	0.556	0.562	0.438
Da	0.125	0.067	0.188	0.071	0.067	0.0	0.067	0.25	0.133	0.25	0.25	0.353	0.714	0.556	0.5	0.133	0.556	0.611	0.429	0.5	0.556	0.5	0.556	0.579	0.611	0.562	0.588	0.556	0.533	0.467	0.556	0.562	0.438
Blg	0.062	0.125	0.235	0.133	0.125	0.067	0.0	0.188	0.188	0.294	0.294	0.389	0.75	0.556	0.5	0.188	0.556	0.611	0.467	0.5	0.556	0.5	0.556	0.579	0.611	0.562	0.588	0.556	0.562	0.5	0.579	0.562	0.471
Slo	0.235	0.294	0.188	0.312	0.188	0.25	0.188	0.0	0.25	0.353	0.353	0.444	0.778	0.6	0.556	0.312	0.588	0.562	0.429	0.467	0.5	0.529	0.611	0.529	0.562	0.5	0.533	0.611	0.625	0.562	0.632	0.5	0.4
Wel	0.235	0.188	0.188	0.2	0.067	0.133	0.188	0.25	0.0	0.353	0.353	0.444	0.75	0.6	0.556	0.133	0.529	0.588	0.385	0.467	0.529	0.471	0.579	0.632	0.588	0.562	0.562	0.556	0.562	0.5	0.556	0.562	0.4
Hi	0.235	0.188	0.294	0.312	0.294	0.25	0.294	0.353	0.353	0.0	0.188	0.235	0.429	0.5	0.444	0.353	0.556	0.529	0.467	0.529	0.444	0.389	0.353	0.389	0.412	0.333	0.375	0.353	0.5	0.438	0.556	0.562	0.312
Pas	0.235	0.188	0.294	0.312	0.294	0.25	0.294	0.353	0.353	0.188	0.0	0.353	0.625	0.333	0.444	0.353	0.632	0.529	0.429	0.4	0.5	0.444	0.471	0.5	0.529	0.467	0.5	0.471	0.467	0.4	0.632	0.562	0.438
Te	0.421	0.389	0.474	0.412	0.389	0.353	0.389	0.444	0.444	0.235	0.353	0.0	0.714	0.7	0.7	0.444	0.611	0.562	0.562	0.588	0.471	0.412	0.444	0.444	0.471	0.4	0.438	0.353	0.562	0.5	0.684	0.6	0.267
Can	0.625	0.571	0.625	0.714	0.75	0.714	0.75	0.778	0.75	0.429	0.625	0.714	0.0	0.5	0.429	0.75	0.75	0.778	0.714	0.778	0.667	0.667	0.5	0.667	0.625	0.625	0.625	0.625	0.75	0.75	0.333	0.667	0.714
Jap	0.444	0.444	0.5	0.556	0.6	0.556	0.556	0.6	0.6	0.5	0.333	0.7	0.5	0.0	0.143	0.6	0.75	0.636	0.6	0.545	0.583	0.583	0.636	0.667	0.6	0.6	0.6	0.636	0.444	0.444	0.615	0.5	0.7
Kor	0.375	0.375	0.444	0.5	0.556	0.5	0.5	0.556	0.556	0.444	0.444	0.7	0.429	0.143	0.0	0.556	0.727	0.727	0.556	0.636	0.667	0.667	0.636	0.667	0.6	0.6	0.6	0.636	0.556	0.556	0.583	0.6	0.7
Ar	0.235	0.188	0.25	0.2	0.133	0.133	0.188	0.312	0.133	0.353	0.353	0.444	0.75	0.6	0.556	0.0	0.5	0.556	0.467	0.438	0.5	0.444	0.526	0.579	0.556	0.529	0.529	0.5	0.562	0.5	0.5	0.5	0.471
Hu	0.579	0.579	0.556	0.529	0.556	0.556	0.556	0.588	0.529	0.556	0.632	0.611	0.75	0.75	0.727	0.5	0.0	0.231	0.385	0.357	0.286	0.333	0.529	0.438	0.357	0.429	0.429	0.467	0.688	0.706	0.611	0.533	0.533
KhB	0.632	0.632	0.611	0.588	0.611	0.611	0.611	0.562	0.588	0.529	0.529	0.562	0.778	0.636	0.727	0.556	0.231	0.0	0.462	0.308	0.231	0.286	0.467	0.467	0.25	0.333	0.333	0.385	0.571	0.6	0.684	0.385	0.462
Est	0.5	0.467	0.467	0.385	0.429	0.429	0.467	0.429	0.385	0.467	0.429	0.562	0.714	0.6	0.556	0.467	0.385	0.462	0.0	0.182	0.308	0.308	0.533	0.467	0.5	0.462	0.462	0.5	0.5	0.538	0.706	0.538	0.5
Fin	0.529	0.529	0.529	0.467	0.5	0.5	0.5	0.467	0.467	0.529	0.4	0.588	0.778	0.545	0.636	0.438	0.357	0.308	0.182	0.0	0.154	0.154	0.467	0.4	0.429	0.385	0.385	0.429	0.462	0.5	0.667	0.385	0.533
mMB	0.579	0.579	0.556	0.529	0.556	0.556	0.556	0.5	0.529	0.444	0.5	0.471	0.667	0.583	0.667	0.5	0.286	0.231	0.308	0.154	0.0	0.071	0.375	0.267	0.286	0.231	0.231	0.286	0.467	0.5	0.611	0.308	0.4
UdB	0.526	0.526	0.579	0.471	0.5	0.5	0.5	0.529	0.471	0.389	0.444	0.412	0.667	0.583	0.667	0.444	0.333	0.286	0.308	0.154	0.071	0.0	0.312	0.312	0.333	0.286	0.286	0.214	0.4	0.438	0.611	0.357	0.438
Yu	0.5	0.5	0.579	0.529	0.579	0.556	0.556	0.611	0.579	0.353	0.471	0.444	0.5	0.636	0.636	0.526	0.529	0.467	0.533	0.467	0.375	0.312	0.0	0.312	0.267	0.214	0.214	0.2	0.467	0.5	0.529	0.533	0.471
EvA	0.526	0.526	0.5	0.556	0.579	0.579	0.579	0.529	0.632	0.389	0.5	0.444	0.667	0.667	0.667	0.579	0.438	0.467	0.467	0.4	0.267	0.312	0.312	0.0	0.267	0.154	0.214	0.267	0.625	0.647	0.611	0.5	0.471
Ya	0.556	0.556	0.529	0.588	0.611	0.611	0.611	0.562	0.588	0.412	0.529	0.471	0.625	0.6	0.6	0.556	0.357	0.25	0.5	0.429	0.286	0.333	0.267	0.267	0.0	0.083	0.083	0.154	0.6	0.625	0.611	0.462	0.4
Uz	0.5	0.5	0.467	0.533	0.562	0.562	0.562	0.5	0.562	0.333	0.467	0.4	0.625	0.6	0.6	0.529	0.429	0.333	0.462	0.385	0.231	0.286	0.214	0.154	0.083	0.0	0.0	0.083	0.571	0.6	0.588	0.417	0.357
Tur	0.529	0.529	0.5	0.562	0.588	0.588	0.588	0.533	0.562	0.375	0.5	0.438	0.625	0.6	0.6	0.529	0.429	0.333	0.462	0.385	0.231	0.286	0.214	0.214	0.083	0.0	0.0	0.083	0.571	0.6	0.588	0.417	0.357
Bur	0.5	0.5	0.579	0.529	0.579	0.556	0.556	0.611	0.556	0.353	0.471	0.353	0.625	0.636	0.636	0.5	0.467	0.385	0.5	0.429	0.286	0.214	0.2	0.267	0.154	0.083	0.083	0.0	0.533	0.562	0.588	0.462	0.4
cB	0.588	0.562	0.647	0.5	0.562	0.533	0.562	0.625	0.562	0.5	0.467	0.562	0.75	0.444	0.556	0.562	0.688	0.571	0.5	0.462	0.467	0.4	0.467	0.625	0.6	0.571	0.571	0.533	0.0	0.091	0.688	0.538	0.6
wB	0.529	0.5	0.588	0.429	0.5	0.467	0.5	0.562	0.5	0.438	0.4	0.5	0.75	0.444	0.556	0.5	0.706	0.6	0.538	0.5	0.5	0.438	0.5	0.647	0.625	0.6	0.6	0.562	0.091	0.0	0.706	0.571	0.533
Wo	0.526	0.5	0.5	0.611	0.556	0.556	0.579	0.632	0.556	0.556	0.632	0.684	0.333	0.615	0.583	0.5	0.611	0.684	0.706	0.667	0.611	0.611	0.529	0.611	0.611	0.588	0.588	0.588	0.688	0.706	0.0	0.588	0.667
Mal	0.588	0.588	0.562	0.533	0.562	0.562	0.562	0.5	0.562	0.562	0.562	0.6	0.667	0.5	0.6	0.5	0.533	0.385	0.538	0.385	0.308	0.357	0.533	0.5	0.462	0.417	0.417	0.462	0.538	0.571	0.588	0.0	0.571
Arc	0.5	0.471	0.438	0.5	0.438	0.438	0.471	0.4	0.4	0.312	0.438	0.267	0.714	0.7	0.7	0.471	0.533	0.462	0.5	0.533	0.4	0.438	0.471	0.471	0.4	0.357	0.357	0.4	0.6	0.533	0.667	0.571	0.0
