Sp  0.0  0.061  0.121  0.121  0.121  0.091  0.061  0.152  0.152  0.156  0.152  0.29  0.429  0.263  0.211  0.161  0.429  0.464  0.29  0.333  0.414  0.379  0.345  0.393  0.393  0.333  0.357  0.333  0.367  0.333  0.44  0.393  0.345
Rm  0.061  0.0  0.091  0.091  0.091  0.061  0.091  0.182  0.121  0.125  0.121  0.258  0.357  0.263  0.211  0.129  0.429  0.464  0.258  0.333  0.414  0.379  0.345  0.393  0.393  0.333  0.357  0.333  0.333  0.3  0.4  0.393  0.31
Grk  0.121  0.091  0.0  0.152  0.091  0.121  0.152  0.121  0.121  0.188  0.182  0.323  0.429  0.316  0.263  0.161  0.393  0.429  0.258  0.333  0.379  0.414  0.414  0.357  0.357  0.296  0.321  0.4  0.4  0.367  0.4  0.357  0.276
E  0.121  0.091  0.152  0.0  0.091  0.061  0.091  0.182  0.121  0.188  0.182  0.258  0.429  0.316  0.263  0.129  0.357  0.393  0.194  0.267  0.345  0.31  0.345  0.393  0.393  0.333  0.357  0.333  0.267  0.233  0.48  0.321  0.31
D  0.121  0.091  0.091  0.091  0.0  0.061  0.091  0.121  0.061  0.188  0.182  0.258  0.5  0.368  0.316  0.097  0.393  0.429  0.226  0.3  0.379  0.345  0.414  0.429  0.429  0.37  0.393  0.4  0.333  0.3  0.44  0.357  0.276
Da  0.091  0.061  0.121  0.061  0.061  0.0  0.061  0.152  0.091  0.156  0.152  0.226  0.429  0.316  0.263  0.097  0.393  0.429  0.226  0.3  0.379  0.345  0.379  0.429  0.429  0.37  0.393  0.367  0.3  0.267  0.44  0.357  0.276
Blg  0.061  0.091  0.152  0.091  0.091  0.061  0.0  0.121  0.121  0.188  0.182  0.258  0.5  0.316  0.263  0.129  0.393  0.429  0.258  0.3  0.379  0.345  0.379  0.429  0.429  0.37  0.393  0.367  0.333  0.3  0.48  0.357  0.31
Slo  0.152  0.182  0.121  0.182  0.121  0.152  0.121  0.0  0.152  0.219  0.212  0.29  0.571  0.368  0.316  0.194  0.393  0.357  0.226  0.267  0.31  0.345  0.414  0.357  0.357  0.296  0.321  0.4  0.367  0.333  0.52  0.286  0.241
Wel  0.152  0.121  0.121  0.121  0.061  0.091  0.121  0.152  0.0  0.219  0.212  0.29  0.5  0.368  0.316  0.097  0.357  0.393  0.194  0.267  0.345  0.31  0.414  0.464  0.393  0.37  0.357  0.367  0.333  0.3  0.44  0.357  0.241
Hi  0.156  0.125  0.188  0.188  0.188  0.156  0.188  0.219  0.219  0.0  0.125  0.161  0.286  0.316  0.263  0.233  0.407  0.37  0.267  0.345  0.31  0.276  0.241  0.286  0.286  0.222  0.25  0.233  0.3  0.267  0.458  0.37  0.207
Pas  0.152  0.121  0.182  0.182  0.182  0.152  0.182  0.212  0.212  0.125  0.0  0.226  0.429  0.211  0.263  0.226  0.464  0.357  0.226  0.233  0.345  0.31  0.31  0.357  0.357  0.296  0.321  0.3  0.267  0.233  0.52  0.357  0.276
Te  0.29  0.258  0.323  0.258  0.258  0.226  0.258  0.29  0.29  0.161  0.226  0.0  0.462  0.444  0.444  0.31  0.462  0.385  0.345  0.393  0.321  0.286  0.31  0.321  0.321  0.259  0.286  0.233  0.345  0.31  0.609  0.385  0.172
Can  0.429  0.357  0.429  0.429  0.5  0.429  0.5  0.571  0.5  0.286  0.429  0.462  0.0  0.385  0.308  0.538  0.583  0.667  0.462  0.667  0.583  0.583  0.417  0.636  0.545  0.545  0.545  0.5  0.5  0.5  0.308  0.583  0.5
Jap  0.263  0.263  0.316  0.316  0.368  0.316  0.316  0.368  0.368  0.316  0.211  0.444  0.385  0.0  0.105  0.389  0.625  0.5  0.389  0.389  0.471  0.471  0.444  0.562  0.438  0.438  0.438  0.444  0.263  0.263  0.6  0.353  0.5
Kor  0.211  0.211  0.263  0.263  0.316  0.263  0.263  0.316  0.316  0.263  0.263  0.444  0.308  0.105  0.0  0.333  0.562  0.562  0.333  0.444  0.529  0.529  0.444  0.562  0.438  0.438  0.438  0.444  0.316  0.316  0.533  0.412  0.5
Ar  0.161  0.129  0.161  0.129  0.097  0.097  0.129  0.194  0.097  0.233  0.226  0.31  0.538  0.389  0.333  0.0  0.37  0.407  0.267  0.276  0.357  0.321  0.393  0.444  0.407  0.37  0.37  0.357  0.345  0.31  0.4  0.321  0.321
Hu  0.429  0.429  0.393  0.357  0.393  0.393  0.393  0.393  0.357  0.407  0.464  0.462  0.583  0.625  0.562  0.37  0.0  0.143  0.222  0.222  0.185  0.222  0.4  0.308  0.231  0.28  0.269  0.308  0.48  0.52  0.522  0.346  0.346
KhB  0.464  0.464  0.429  0.393  0.429  0.429  0.429  0.357  0.393  0.37  0.357  0.385  0.667  0.5  0.562  0.407  0.143  0.0  0.259  0.185  0.148  0.185  0.32  0.308  0.154  0.2  0.192  0.231  0.36  0.4  0.609  0.231  0.269
Est  0.29  0.258  0.258  0.194  0.226  0.226  0.258  0.226  0.194  0.267  0.226  0.345  0.462  0.389  0.333  0.267  0.222  0.259  0.0  0.1  0.179  0.179  0.333  0.296  0.296  0.269  0.259  0.286  0.25  0.286  0.52  0.296  0.286
Fin  0.333  0.333  0.333  0.267  0.3  0.3  0.3  0.267  0.267  0.345  0.233  0.393  0.667  0.389  0.444  0.276  0.222  0.185  0.1  0.0  0.107  0.107  0.296  0.259  0.259  0.231  0.222  0.25  0.259  0.296  0.542  0.222  0.333
mMB  0.414  0.414  0.379  0.345  0.379  0.379  0.379  0.31  0.345  0.31  0.345  0.321  0.583  0.471  0.529  0.357  0.185  0.148  0.179  0.107  0.0  0.069  0.259  0.179  0.179  0.148  0.143  0.179  0.296  0.333  0.522  0.185  0.25
UdB  0.379  0.379  0.414  0.31  0.345  0.345  0.345  0.345  0.31  0.276  0.31  0.286  0.583  0.471  0.529  0.321  0.222  0.185  0.179  0.107  0.069  0.0  0.222  0.214  0.214  0.185  0.179  0.143  0.259  0.296  0.522  0.222  0.286
Yu  0.345  0.345  0.414  0.345  0.414  0.379  0.379  0.414  0.414  0.241  0.31  0.31  0.417  0.444  0.444  0.393  0.4  0.32  0.333  0.296  0.259  0.222  0.0  0.222  0.185  0.148  0.148  0.138  0.286  0.321  0.455  0.346  0.333
EvA  0.393  0.393  0.357  0.393  0.429  0.429  0.429  0.357  0.464  0.286  0.357  0.321  0.636  0.562  0.562  0.444  0.308  0.308  0.296  0.259  0.179  0.214  0.222  0.0  0.179  0.111  0.143  0.179  0.423  0.462  0.545  0.308  0.321
Ya  0.393  0.393  0.357  0.393  0.429  0.429  0.429  0.357  0.393  0.286  0.357  0.321  0.545  0.438  0.438  0.407  0.231  0.154  0.296  0.259  0.179  0.214  0.185  0.179  0.0  0.074  0.071  0.107  0.385  0.423  0.545  0.269  0.25
Uz  0.333  0.333  0.296  0.333  0.37  0.37  0.37  0.296  0.37  0.222  0.296  0.259  0.545  0.438  0.438  0.37  0.28  0.2  0.269  0.231  0.148  0.185  0.148  0.111  0.074  0.0  0.037  0.074  0.346  0.385  0.5  0.231  0.222
Tur  0.357  0.357  0.321  0.357  0.393  0.393  0.393  0.321  0.357  0.25  0.321  0.286  0.545  0.438  0.438  0.37  0.269  0.192  0.259  0.222  0.143  0.179  0.148  0.143  0.071  0.037  0.0  0.071  0.346  0.385  0.5  0.231  0.214
Bur  0.333  0.333  0.4  0.333  0.4  0.367  0.367  0.4  0.367  0.233  0.3  0.233  0.5  0.444  0.444  0.357  0.308  0.231  0.286  0.25  0.179  0.143  0.138  0.179  0.107  0.074  0.071  0.0  0.321  0.357  0.5  0.269  0.25
cB  0.367  0.333  0.4  0.267  0.333  0.3  0.333  0.367  0.333  0.3  0.267  0.345  0.5  0.263  0.316  0.345  0.48  0.36  0.25  0.259  0.296  0.259  0.286  0.423  0.385  0.346  0.346  0.321  0.0  0.067  0.5  0.296  0.37
wB  0.333  0.3  0.367  0.233  0.3  0.267  0.3  0.333  0.3  0.267  0.233  0.31  0.5  0.263  0.316  0.31  0.52  0.4  0.286  0.296  0.333  0.296  0.321  0.462  0.423  0.385  0.385  0.357  0.067  0.0  0.542  0.333  0.333
Wo  0.44  0.4  0.4  0.48  0.44  0.44  0.48  0.52  0.44  0.458  0.52  0.609  0.308  0.6  0.533  0.4  0.522  0.609  0.52  0.542  0.522  0.522  0.455  0.545  0.545  0.5  0.5  0.5  0.5  0.542  0.0  0.458  0.565
Mal  0.393  0.393  0.357  0.321  0.357  0.357  0.357  0.286  0.357  0.37  0.357  0.385  0.583  0.353  0.412  0.321  0.346  0.231  0.296  0.222  0.185  0.222  0.346  0.308  0.269  0.231  0.231  0.269  0.296  0.333  0.458  0.0  0.346
Arc  0.345  0.31  0.276  0.31  0.276  0.276  0.31  0.241  0.241  0.207  0.276  0.172  0.5  0.5  0.5  0.321  0.346  0.269  0.286  0.333  0.25  0.286  0.333  0.321  0.25  0.222  0.214  0.25  0.37  0.333  0.565  0.346  0.0
