	Siciliano	Calabrese_Northern	Italian	Spanish	French	Portuguese	Romanian	Greek_Calabria	Greek	Greek_Cypriot	English	Dutch	Afrikaans	German	Danish	Icelandic	Faroese	Norwegian	Bulgarian	Serbo-Croatian	Slovenian	Polish	Russian	Irish	Welsh	Marathi	Hindi	Pashto	Tamil	Telugu	Mandarin	Cantonese	Japanese	Korean	Arabic	Hebrew	Hungarian	Khanty	Estonian	Finnish	Mari	Udmurt	Yukaghir	Even_1	Even_2	Evenki	Yakut	Uzbek	Kazakh	Kirghiz	Turkish	Buryat	Basque_Central	Basque_Western	Wolof	Malagasy	Archi	Lak
Siciliano0.0	0.075	0.046	0.094	0.1	0.062	0.113	0.129	0.183	0.183	0.111	0.109	0.13	0.13	0.13	0.185	0.13	0.13	0.123	0.156	0.156	0.133	0.156	0.179	0.179	0.186	0.163	0.156	0.231	0.231	0.35	0.35	0.28	0.24	0.208	0.189	0.302	0.394	0.282	0.324	0.353	0.324	0.297	0.343	0.343	0.343	0.343	0.324	0.314	0.314	0.314	0.27	0.271	0.292	0.356	0.35	0.278	0.278
Calabrese_Northern	0.075	0.0	0.062	0.109	0.15	0.109	0.097	0.113	0.167	0.167	0.148	0.145	0.167	0.148	0.13	0.167	0.13	0.13	0.14	0.156	0.156	0.133	0.156	0.196	0.196	0.186	0.163	0.156	0.231	0.231	0.35	0.35	0.28	0.24	0.226	0.208	0.349	0.394	0.282	0.324	0.353	0.324	0.297	0.343	0.343	0.343	0.343	0.324	0.314	0.314	0.314	0.27	0.25	0.271	0.378	0.35	0.278	0.278
Italian	0.046	0.062	0.0	0.091	0.098	0.061	0.094	0.15	0.18	0.18	0.125	0.123	0.143	0.143	0.107	0.161	0.107	0.107	0.153	0.152	0.152	0.13	0.152	0.214	0.214	0.186	0.163	0.156	0.231	0.231	0.35	0.35	0.28	0.24	0.226	0.208	0.326	0.394	0.282	0.324	0.353	0.324	0.297	0.343	0.343	0.343	0.343	0.324	0.314	0.314	0.314	0.27	0.271	0.292	0.378	0.35	0.278	0.278
Spanish	0.094	0.109	0.091	0.0	0.098	0.045	0.125	0.153	0.15	0.15	0.125	0.088	0.107	0.107	0.125	0.161	0.125	0.125	0.136	0.156	0.156	0.133	0.156	0.196	0.196	0.167	0.143	0.114	0.237	0.237	0.3	0.3	0.24	0.2	0.269	0.25	0.349	0.394	0.289	0.324	0.353	0.324	0.333	0.314	0.314	0.314	0.314	0.294	0.286	0.286	0.286	0.297	0.234	0.255	0.409	0.375	0.286	0.286
French	0.1	0.15	0.098	0.098	0.0	0.082	0.133	0.161	0.175	0.175	0.132	0.13	0.151	0.151	0.151	0.189	0.151	0.151	0.182	0.205	0.205	0.205	0.205	0.17	0.17	0.171	0.146	0.119	0.256	0.256	0.263	0.263	0.25	0.208	0.24	0.204	0.349	0.441	0.289	0.351	0.4	0.371	0.361	0.353	0.353	0.353	0.353	0.333	0.324	0.324	0.324	0.324	0.283	0.298	0.381	0.31	0.306	0.306
Portuguese	0.062	0.109	0.061	0.045	0.082	0.0	0.125	0.153	0.183	0.183	0.125	0.088	0.107	0.107	0.125	0.161	0.125	0.125	0.153	0.156	0.156	0.133	0.156	0.196	0.196	0.19	0.167	0.136	0.237	0.237	0.35	0.35	0.28	0.24	0.25	0.231	0.326	0.394	0.289	0.324	0.353	0.324	0.306	0.343	0.343	0.343	0.343	0.324	0.314	0.314	0.314	0.27	0.255	0.277	0.386	0.375	0.286	0.286
Romanian	0.113	0.097	0.094	0.125	0.133	0.125	0.0	0.138	0.186	0.186	0.164	0.143	0.164	0.164	0.121	0.169	0.138	0.136	0.145	0.182	0.182	0.182	0.182	0.218	0.218	0.19	0.167	0.136	0.237	0.237	0.35	0.35	0.32	0.28	0.255	0.235	0.405	0.424	0.289	0.351	0.382	0.353	0.333	0.371	0.371	0.371	0.371	0.353	0.343	0.343	0.343	0.297	0.261	0.283	0.395	0.41	0.286	0.286
Greek_Calabria	0.129	0.113	0.15	0.153	0.161	0.153	0.138	0.0	0.083	0.083	0.135	0.132	0.154	0.113	0.154	0.17	0.154	0.154	0.148	0.136	0.136	0.136	0.136	0.164	0.164	0.214	0.19	0.159	0.289	0.289	0.35	0.35	0.32	0.28	0.226	0.208	0.302	0.364	0.282	0.324	0.324	0.353	0.378	0.314	0.314	0.314	0.314	0.294	0.286	0.286	0.286	0.324	0.333	0.356	0.295	0.3	0.25	0.25
Greek	0.183	0.167	0.18	0.15	0.175	0.183	0.186	0.083	0.0	0.015	0.125	0.123	0.143	0.103	0.143	0.155	0.143	0.143	0.155	0.104	0.104	0.104	0.104	0.175	0.175	0.19	0.167	0.136	0.282	0.282	0.3	0.3	0.28	0.24	0.224	0.246	0.267	0.353	0.275	0.316	0.314	0.343	0.395	0.286	0.286	0.286	0.286	0.265	0.257	0.257	0.257	0.342	0.341	0.311	0.364	0.325	0.243	0.243
Greek_Cypriot	0.183	0.167	0.18	0.15	0.175	0.183	0.186	0.083	0.015	0.0	0.125	0.123	0.143	0.103	0.143	0.155	0.143	0.143	0.155	0.104	0.104	0.104	0.104	0.175	0.175	0.19	0.167	0.136	0.282	0.282	0.3	0.3	0.28	0.24	0.224	0.246	0.267	0.353	0.275	0.316	0.314	0.343	0.395	0.286	0.286	0.286	0.286	0.265	0.257	0.257	0.257	0.342	0.341	0.311	0.364	0.325	0.243	0.243
English	0.111	0.148	0.125	0.125	0.132	0.125	0.164	0.135	0.125	0.125	0.0	0.068	0.051	0.086	0.069	0.107	0.069	0.069	0.123	0.136	0.136	0.136	0.136	0.145	0.145	0.205	0.179	0.146	0.216	0.216	0.333	0.333	0.261	0.217	0.22	0.2	0.279	0.333	0.211	0.27	0.294	0.265	0.294	0.333	0.333	0.333	0.333	0.281	0.303	0.303	0.303	0.286	0.233	0.256	0.385	0.308	0.265	0.265
Dutch	0.109	0.145	0.123	0.088	0.13	0.088	0.143	0.132	0.123	0.123	0.068	0.0	0.034	0.034	0.068	0.088	0.068	0.068	0.103	0.111	0.111	0.111	0.111	0.143	0.143	0.175	0.15	0.119	0.184	0.184	0.333	0.333	0.261	0.217	0.235	0.216	0.326	0.364	0.237	0.297	0.324	0.294	0.324	0.364	0.364	0.364	0.364	0.312	0.333	0.333	0.333	0.314	0.233	0.256	0.375	0.359	0.229	0.229
Afrikaans	0.13	0.167	0.143	0.107	0.151	0.107	0.164	0.154	0.143	0.143	0.051	0.034	0.0	0.052	0.086	0.107	0.086	0.086	0.123	0.136	0.136	0.136	0.136	0.164	0.164	0.205	0.179	0.146	0.216	0.216	0.333	0.333	0.261	0.217	0.24	0.22	0.302	0.333	0.211	0.27	0.294	0.265	0.294	0.333	0.333	0.333	0.333	0.281	0.303	0.303	0.303	0.286	0.209	0.233	0.41	0.333	0.265	0.265
German	0.13	0.148	0.143	0.107	0.151	0.107	0.164	0.113	0.103	0.103	0.086	0.034	0.052	0.0	0.086	0.068	0.086	0.086	0.123	0.085	0.085	0.106	0.106	0.125	0.125	0.2	0.175	0.143	0.211	0.211	0.389	0.389	0.304	0.261	0.235	0.216	0.326	0.364	0.237	0.297	0.324	0.294	0.353	0.364	0.364	0.364	0.364	0.312	0.333	0.333	0.333	0.343	0.256	0.279	0.375	0.359	0.229	0.229
Danish	0.13	0.13	0.107	0.125	0.151	0.125	0.121	0.154	0.143	0.143	0.069	0.068	0.086	0.086	0.0	0.068	0.033	0.049	0.117	0.111	0.111	0.111	0.111	0.164	0.164	0.175	0.15	0.119	0.184	0.184	0.333	0.333	0.261	0.217	0.26	0.24	0.357	0.364	0.237	0.297	0.324	0.294	0.324	0.364	0.364	0.364	0.364	0.312	0.333	0.333	0.333	0.314	0.262	0.286	0.41	0.368	0.229	0.229
Icelandic	0.185	0.167	0.161	0.161	0.189	0.161	0.169	0.17	0.155	0.155	0.107	0.088	0.107	0.068	0.068	0.0	0.085	0.067	0.115	0.085	0.085	0.106	0.106	0.125	0.125	0.2	0.175	0.143	0.211	0.211	0.389	0.389	0.304	0.261	0.255	0.235	0.357	0.364	0.237	0.297	0.324	0.294	0.353	0.364	0.364	0.364	0.364	0.312	0.333	0.333	0.333	0.343	0.286	0.31	0.425	0.368	0.229	0.229
Faroese	0.13	0.13	0.107	0.125	0.151	0.125	0.138	0.154	0.143	0.143	0.069	0.068	0.086	0.086	0.033	0.085	0.0	0.033	0.133	0.111	0.111	0.111	0.111	0.164	0.164	0.175	0.15	0.119	0.184	0.184	0.333	0.333	0.261	0.217	0.26	0.24	0.357	0.364	0.237	0.297	0.324	0.294	0.324	0.364	0.364	0.364	0.364	0.312	0.333	0.333	0.333	0.314	0.262	0.286	0.41	0.368	0.229	0.229
Norwegian	0.13	0.13	0.107	0.125	0.151	0.125	0.136	0.154	0.143	0.143	0.069	0.068	0.086	0.086	0.049	0.067	0.033	0.0	0.115	0.111	0.111	0.111	0.111	0.164	0.164	0.175	0.15	0.119	0.184	0.184	0.333	0.333	0.261	0.217	0.26	0.24	0.357	0.364	0.237	0.297	0.324	0.294	0.324	0.364	0.364	0.364	0.364	0.312	0.333	0.333	0.333	0.314	0.262	0.286	0.41	0.368	0.229	0.229
Bulgarian	0.123	0.14	0.153	0.136	0.182	0.153	0.145	0.148	0.155	0.155	0.123	0.103	0.123	0.123	0.117	0.115	0.133	0.115	0.0	0.087	0.087	0.109	0.087	0.158	0.158	0.2	0.175	0.143	0.211	0.211	0.389	0.389	0.261	0.217	0.208	0.208	0.326	0.364	0.263	0.297	0.324	0.294	0.324	0.364	0.364	0.364	0.364	0.312	0.333	0.333	0.333	0.314	0.256	0.279	0.425	0.342	0.257	0.257
Serbo-Croatian	0.156	0.156	0.152	0.156	0.205	0.156	0.182	0.136	0.104	0.104	0.136	0.111	0.136	0.085	0.111	0.085	0.111	0.111	0.087	0.0	0.02	0.059	0.039	0.14	0.14	0.195	0.171	0.186	0.225	0.225	0.421	0.421	0.292	0.25	0.171	0.2	0.324	0.286	0.22	0.256	0.25	0.278	0.324	0.294	0.294	0.294	0.294	0.242	0.265	0.265	0.265	0.324	0.289	0.256	0.438	0.306	0.211	0.211
Slovenian	0.156	0.156	0.152	0.156	0.205	0.156	0.182	0.136	0.104	0.104	0.136	0.111	0.136	0.085	0.111	0.085	0.111	0.111	0.087	0.02	0.0	0.059	0.039	0.14	0.14	0.195	0.171	0.186	0.225	0.225	0.421	0.421	0.292	0.25	0.171	0.2	0.324	0.286	0.22	0.256	0.25	0.278	0.324	0.294	0.294	0.294	0.294	0.242	0.265	0.265	0.265	0.324	0.289	0.256	0.438	0.306	0.211	0.211
Polish	0.133	0.133	0.13	0.133	0.205	0.133	0.182	0.136	0.104	0.104	0.136	0.111	0.136	0.106	0.111	0.106	0.111	0.111	0.109	0.059	0.059	0.0	0.039	0.14	0.14	0.195	0.171	0.186	0.225	0.225	0.421	0.421	0.292	0.25	0.171	0.2	0.324	0.286	0.22	0.256	0.25	0.278	0.324	0.294	0.294	0.294	0.294	0.242	0.265	0.265	0.265	0.324	0.289	0.256	0.438	0.306	0.211	0.211
Russian	0.156	0.156	0.152	0.156	0.205	0.156	0.182	0.136	0.104	0.104	0.136	0.111	0.136	0.106	0.111	0.106	0.111	0.111	0.087	0.039	0.039	0.039	0.0	0.14	0.14	0.195	0.171	0.186	0.225	0.225	0.421	0.421	0.292	0.25	0.171	0.2	0.324	0.286	0.22	0.256	0.25	0.278	0.324	0.294	0.294	0.294	0.294	0.242	0.265	0.265	0.265	0.324	0.289	0.256	0.438	0.306	0.211	0.211
Irish	0.179	0.196	0.214	0.196	0.17	0.196	0.218	0.164	0.175	0.175	0.145	0.143	0.164	0.125	0.164	0.125	0.164	0.164	0.158	0.14	0.14	0.14	0.14	0.0	0.016	0.225	0.2	0.167	0.237	0.237	0.389	0.389	0.304	0.261	0.185	0.167	0.25	0.324	0.205	0.263	0.286	0.257	0.353	0.394	0.394	0.394	0.324	0.312	0.294	0.294	0.294	0.306	0.302	0.279	0.39	0.333	0.194	0.194
Welsh	0.179	0.196	0.214	0.196	0.17	0.196	0.218	0.164	0.175	0.175	0.145	0.143	0.164	0.125	0.164	0.125	0.164	0.164	0.158	0.14	0.14	0.14	0.14	0.016	0.0	0.225	0.2	0.167	0.237	0.237	0.389	0.389	0.304	0.261	0.185	0.167	0.25	0.324	0.205	0.263	0.286	0.257	0.353	0.394	0.394	0.394	0.324	0.312	0.294	0.294	0.294	0.306	0.302	0.279	0.39	0.333	0.194	0.194
Marathi	0.186	0.186	0.186	0.167	0.171	0.19	0.19	0.214	0.19	0.19	0.205	0.175	0.205	0.2	0.175	0.2	0.175	0.175	0.2	0.195	0.195	0.195	0.195	0.225	0.225	0.0	0.045	0.114	0.15	0.15	0.238	0.238	0.231	0.269	0.216	0.243	0.375	0.273	0.263	0.278	0.229	0.2	0.237	0.222	0.222	0.222	0.222	0.2	0.194	0.194	0.194	0.211	0.231	0.205	0.412	0.303	0.189	0.189
Hindi	0.163	0.163	0.163	0.143	0.146	0.167	0.167	0.19	0.167	0.167	0.179	0.15	0.179	0.175	0.15	0.175	0.15	0.15	0.175	0.171	0.171	0.171	0.171	0.2	0.2	0.045	0.0	0.136	0.15	0.15	0.19	0.19	0.269	0.231	0.189	0.216	0.344	0.303	0.237	0.306	0.257	0.229	0.237	0.222	0.222	0.222	0.222	0.2	0.194	0.194	0.194	0.211	0.256	0.231	0.382	0.333	0.189	0.189
Pashto	0.156	0.156	0.156	0.114	0.119	0.136	0.136	0.159	0.136	0.136	0.146	0.119	0.146	0.143	0.119	0.143	0.119	0.119	0.143	0.186	0.186	0.186	0.186	0.167	0.167	0.114	0.136	0.0	0.2	0.2	0.286	0.286	0.192	0.231	0.205	0.231	0.394	0.294	0.25	0.237	0.286	0.257	0.316	0.278	0.278	0.278	0.278	0.257	0.25	0.25	0.25	0.263	0.231	0.205	0.429	0.324	0.27	0.27
Tamil	0.231	0.231	0.231	0.237	0.256	0.237	0.237	0.289	0.282	0.282	0.216	0.184	0.216	0.211	0.184	0.211	0.184	0.184	0.211	0.225	0.225	0.225	0.225	0.237	0.237	0.15	0.15	0.2	0.0	0.024	0.333	0.333	0.348	0.348	0.243	0.222	0.375	0.303	0.27	0.314	0.257	0.229	0.243	0.265	0.265	0.265	0.265	0.212	0.235	0.235	0.235	0.189	0.27	0.237	0.516	0.364	0.158	0.158
Telugu	0.231	0.231	0.231	0.237	0.256	0.237	0.237	0.289	0.282	0.282	0.216	0.184	0.216	0.211	0.184	0.211	0.184	0.184	0.211	0.225	0.225	0.225	0.225	0.237	0.237	0.15	0.15	0.2	0.024	0.0	0.333	0.333	0.348	0.348	0.243	0.222	0.375	0.303	0.27	0.314	0.257	0.229	0.243	0.265	0.265	0.265	0.265	0.212	0.235	0.235	0.235	0.189	0.27	0.237	0.516	0.364	0.158	0.158
Mandarin	0.35	0.35	0.35	0.3	0.263	0.35	0.35	0.35	0.3	0.3	0.333	0.333	0.333	0.389	0.333	0.389	0.333	0.333	0.389	0.421	0.421	0.421	0.421	0.389	0.389	0.238	0.19	0.286	0.333	0.333	0.0	0.083	0.318	0.273	0.412	0.412	0.438	0.471	0.333	0.471	0.412	0.412	0.368	0.389	0.389	0.389	0.333	0.389	0.333	0.333	0.333	0.368	0.368	0.368	0.263	0.471	0.412	0.412
Cantonese	0.35	0.35	0.35	0.3	0.263	0.35	0.35	0.35	0.3	0.3	0.333	0.333	0.333	0.389	0.333	0.389	0.333	0.333	0.389	0.421	0.421	0.421	0.421	0.389	0.389	0.238	0.19	0.286	0.333	0.333	0.083	0.0	0.318	0.273	0.412	0.412	0.438	0.471	0.333	0.471	0.412	0.412	0.368	0.389	0.389	0.389	0.333	0.389	0.333	0.333	0.333	0.368	0.368	0.368	0.263	0.471	0.412	0.412
Japanese	0.28	0.28	0.28	0.24	0.25	0.28	0.32	0.32	0.28	0.28	0.261	0.261	0.261	0.304	0.261	0.304	0.261	0.261	0.261	0.292	0.292	0.292	0.292	0.304	0.304	0.231	0.269	0.192	0.348	0.348	0.318	0.318	0.0	0.1	0.318	0.364	0.5	0.381	0.304	0.304	0.364	0.364	0.36	0.435	0.435	0.435	0.348	0.304	0.348	0.348	0.348	0.4	0.208	0.208	0.524	0.318	0.429	0.429
Korean	0.24	0.24	0.24	0.2	0.208	0.24	0.28	0.28	0.24	0.24	0.217	0.217	0.217	0.261	0.217	0.261	0.217	0.217	0.217	0.25	0.25	0.25	0.25	0.261	0.261	0.269	0.231	0.231	0.348	0.348	0.273	0.273	0.1	0.0	0.273	0.318	0.45	0.429	0.261	0.348	0.409	0.409	0.36	0.435	0.435	0.435	0.348	0.304	0.348	0.348	0.348	0.4	0.25	0.25	0.476	0.364	0.429	0.429
Arabic	0.208	0.226	0.226	0.269	0.24	0.25	0.255	0.226	0.224	0.224	0.22	0.235	0.24	0.235	0.26	0.255	0.26	0.26	0.208	0.171	0.171	0.171	0.171	0.185	0.185	0.216	0.189	0.205	0.243	0.243	0.412	0.412	0.318	0.273	0.0	0.119	0.289	0.324	0.211	0.243	0.286	0.257	0.306	0.364	0.364	0.364	0.333	0.303	0.303	0.303	0.303	0.286	0.31	0.279	0.357	0.293	0.25	0.25
Hebrew	0.189	0.208	0.208	0.25	0.204	0.231	0.235	0.208	0.246	0.246	0.2	0.216	0.22	0.216	0.24	0.235	0.24	0.24	0.208	0.2	0.2	0.2	0.2	0.167	0.167	0.243	0.216	0.231	0.222	0.222	0.412	0.412	0.364	0.318	0.119	0.0	0.25	0.333	0.243	0.278	0.294	0.265	0.343	0.364	0.364	0.364	0.333	0.303	0.303	0.303	0.303	0.265	0.333	0.31	0.381	0.275	0.257	0.257
Hungarian	0.302	0.349	0.326	0.349	0.349	0.326	0.405	0.302	0.267	0.267	0.279	0.326	0.302	0.326	0.357	0.357	0.357	0.357	0.326	0.324	0.324	0.324	0.324	0.25	0.25	0.375	0.344	0.394	0.375	0.375	0.438	0.438	0.5	0.45	0.289	0.25	0.0	0.1	0.176	0.184	0.154	0.179	0.333	0.222	0.222	0.222	0.162	0.2	0.189	0.189	0.189	0.243	0.405	0.421	0.459	0.262	0.273	0.273
Khanty	0.394	0.394	0.394	0.394	0.441	0.394	0.424	0.364	0.353	0.353	0.333	0.364	0.333	0.364	0.364	0.364	0.364	0.364	0.364	0.286	0.286	0.286	0.286	0.324	0.324	0.273	0.303	0.294	0.303	0.303	0.471	0.471	0.381	0.429	0.324	0.333	0.1	0.0	0.2	0.154	0.125	0.15	0.265	0.216	0.216	0.216	0.105	0.139	0.132	0.132	0.132	0.184	0.29	0.312	0.517	0.211	0.235	0.235
Estonian	0.282	0.282	0.282	0.289	0.289	0.289	0.289	0.282	0.275	0.275	0.211	0.237	0.211	0.237	0.237	0.237	0.237	0.237	0.263	0.22	0.22	0.22	0.22	0.205	0.205	0.263	0.237	0.25	0.27	0.27	0.333	0.333	0.304	0.261	0.211	0.243	0.176	0.2	0.0	0.075	0.139	0.139	0.257	0.242	0.242	0.242	0.235	0.219	0.206	0.206	0.206	0.222	0.222	0.243	0.452	0.294	0.243	0.243
Finnish	0.324	0.324	0.324	0.324	0.351	0.324	0.351	0.324	0.316	0.316	0.27	0.297	0.27	0.297	0.297	0.297	0.297	0.297	0.297	0.256	0.256	0.256	0.256	0.263	0.263	0.278	0.306	0.237	0.314	0.314	0.471	0.471	0.304	0.348	0.243	0.278	0.184	0.154	0.075	0.0	0.125	0.125	0.25	0.216	0.216	0.216	0.211	0.194	0.184	0.184	0.184	0.175	0.235	0.257	0.467	0.237	0.286	0.286
Mari	0.353	0.353	0.353	0.353	0.4	0.353	0.382	0.324	0.314	0.314	0.294	0.324	0.294	0.324	0.324	0.324	0.324	0.324	0.324	0.25	0.25	0.25	0.25	0.286	0.286	0.229	0.257	0.286	0.257	0.257	0.412	0.412	0.364	0.409	0.286	0.294	0.154	0.125	0.139	0.125	0.0	0.048	0.222	0.154	0.154	0.154	0.15	0.132	0.125	0.125	0.125	0.175	0.242	0.265	0.448	0.205	0.222	0.222
Udmurt	0.324	0.324	0.324	0.324	0.371	0.324	0.353	0.353	0.343	0.343	0.265	0.294	0.265	0.294	0.294	0.294	0.294	0.294	0.294	0.278	0.278	0.278	0.278	0.257	0.257	0.2	0.229	0.257	0.229	0.229	0.412	0.412	0.364	0.409	0.257	0.265	0.179	0.15	0.139	0.125	0.048	0.0	0.194	0.179	0.179	0.179	0.175	0.158	0.15	0.15	0.15	0.15	0.212	0.235	0.448	0.231	0.25	0.25
Yukaghir	0.297	0.297	0.297	0.333	0.361	0.306	0.333	0.378	0.395	0.395	0.294	0.324	0.294	0.353	0.324	0.353	0.324	0.324	0.324	0.324	0.324	0.324	0.324	0.353	0.353	0.237	0.237	0.316	0.243	0.243	0.368	0.368	0.36	0.36	0.306	0.343	0.333	0.265	0.257	0.25	0.222	0.194	0.0	0.243	0.243	0.243	0.216	0.162	0.189	0.189	0.189	0.15	0.229	0.25	0.419	0.343	0.286	0.286
Even_1	0.343	0.343	0.343	0.314	0.353	0.343	0.371	0.314	0.286	0.286	0.333	0.364	0.333	0.364	0.364	0.364	0.364	0.364	0.364	0.294	0.294	0.294	0.294	0.394	0.394	0.222	0.222	0.278	0.265	0.265	0.389	0.389	0.435	0.435	0.364	0.364	0.222	0.216	0.242	0.216	0.154	0.179	0.243	0.0	0.024	0.024	0.122	0.1	0.098	0.098	0.098	0.175	0.344	0.375	0.467	0.243	0.294	0.294
Even_2	0.343	0.343	0.343	0.314	0.353	0.343	0.371	0.314	0.286	0.286	0.333	0.364	0.333	0.364	0.364	0.364	0.364	0.364	0.364	0.294	0.294	0.294	0.294	0.394	0.394	0.222	0.222	0.278	0.265	0.265	0.389	0.389	0.435	0.435	0.364	0.364	0.222	0.216	0.242	0.216	0.154	0.179	0.243	0.024	0.0	0.024	0.122	0.1	0.098	0.098	0.098	0.175	0.344	0.375	0.467	0.243	0.294	0.294
Evenki	0.343	0.343	0.343	0.314	0.353	0.343	0.371	0.314	0.286	0.286	0.333	0.364	0.333	0.364	0.364	0.364	0.364	0.364	0.364	0.294	0.294	0.294	0.294	0.394	0.394	0.222	0.222	0.278	0.265	0.265	0.389	0.389	0.435	0.435	0.364	0.364	0.222	0.216	0.242	0.216	0.154	0.179	0.243	0.024	0.024	0.0	0.122	0.1	0.098	0.098	0.098	0.175	0.344	0.375	0.467	0.243	0.294	0.294
Yakut	0.343	0.343	0.343	0.314	0.353	0.343	0.371	0.314	0.286	0.286	0.333	0.364	0.333	0.364	0.364	0.364	0.364	0.364	0.364	0.294	0.294	0.294	0.294	0.324	0.324	0.222	0.222	0.278	0.265	0.265	0.333	0.333	0.348	0.348	0.333	0.333	0.162	0.105	0.235	0.211	0.15	0.175	0.216	0.122	0.122	0.122	0.0	0.075	0.048	0.048	0.048	0.122	0.312	0.344	0.467	0.216	0.229	0.229
Uzbek	0.324	0.324	0.324	0.294	0.333	0.324	0.353	0.294	0.265	0.265	0.281	0.312	0.281	0.312	0.312	0.312	0.312	0.312	0.312	0.242	0.242	0.242	0.242	0.312	0.312	0.2	0.2	0.257	0.212	0.212	0.389	0.389	0.304	0.304	0.303	0.303	0.2	0.139	0.219	0.194	0.132	0.158	0.162	0.1	0.1	0.1	0.075	0.0	0.05	0.05	0.05	0.128	0.281	0.312	0.467	0.189	0.212	0.212
Kazakh	0.314	0.314	0.314	0.286	0.324	0.314	0.343	0.286	0.257	0.257	0.303	0.333	0.303	0.333	0.333	0.333	0.333	0.333	0.333	0.265	0.265	0.265	0.265	0.294	0.294	0.194	0.194	0.25	0.235	0.235	0.333	0.333	0.348	0.348	0.303	0.303	0.189	0.132	0.206	0.184	0.125	0.15	0.189	0.098	0.098	0.098	0.048	0.05	0.0	0.024	0.024	0.098	0.281	0.312	0.433	0.189	0.2	0.2
Kirghiz	0.314	0.314	0.314	0.286	0.324	0.314	0.343	0.286	0.257	0.257	0.303	0.333	0.303	0.333	0.333	0.333	0.333	0.333	0.333	0.265	0.265	0.265	0.265	0.294	0.294	0.194	0.194	0.25	0.235	0.235	0.333	0.333	0.348	0.348	0.303	0.303	0.189	0.132	0.206	0.184	0.125	0.15	0.189	0.098	0.098	0.098	0.048	0.05	0.024	0.0	0.024	0.098	0.281	0.312	0.433	0.189	0.2	0.2
Turkish	0.314	0.314	0.314	0.286	0.324	0.314	0.343	0.286	0.257	0.257	0.303	0.333	0.303	0.333	0.333	0.333	0.333	0.333	0.333	0.265	0.265	0.265	0.265	0.294	0.294	0.194	0.194	0.25	0.235	0.235	0.333	0.333	0.348	0.348	0.303	0.303	0.189	0.132	0.206	0.184	0.125	0.15	0.189	0.098	0.098	0.098	0.048	0.05	0.024	0.024	0.0	0.098	0.281	0.312	0.433	0.189	0.2	0.2
Buryat	0.27	0.27	0.27	0.297	0.324	0.27	0.297	0.324	0.342	0.342	0.286	0.314	0.286	0.343	0.314	0.343	0.314	0.314	0.314	0.324	0.324	0.324	0.324	0.306	0.306	0.211	0.211	0.263	0.189	0.189	0.368	0.368	0.4	0.4	0.286	0.265	0.243	0.184	0.222	0.175	0.175	0.15	0.15	0.175	0.175	0.175	0.122	0.128	0.098	0.098	0.098	0.0	0.265	0.286	0.4	0.27	0.222	0.222
Basque_Central	0.271	0.25	0.271	0.234	0.283	0.255	0.261	0.333	0.341	0.341	0.233	0.233	0.209	0.256	0.262	0.286	0.262	0.262	0.256	0.289	0.289	0.289	0.289	0.302	0.302	0.231	0.256	0.231	0.27	0.27	0.368	0.368	0.208	0.25	0.31	0.333	0.405	0.29	0.222	0.235	0.242	0.212	0.229	0.344	0.344	0.344	0.312	0.281	0.281	0.281	0.281	0.265	0.0	0.082	0.459	0.308	0.324	0.324
Basque_Western	0.292	0.271	0.292	0.255	0.298	0.277	0.283	0.356	0.311	0.311	0.256	0.256	0.233	0.279	0.286	0.31	0.286	0.286	0.279	0.256	0.256	0.256	0.256	0.279	0.279	0.205	0.231	0.205	0.237	0.237	0.368	0.368	0.208	0.25	0.279	0.31	0.421	0.312	0.243	0.257	0.265	0.235	0.25	0.375	0.375	0.375	0.344	0.312	0.312	0.312	0.312	0.286	0.082	0.0	0.486	0.375	0.286	0.286
Wolof	0.356	0.378	0.378	0.409	0.381	0.386	0.395	0.295	0.364	0.364	0.385	0.375	0.41	0.375	0.41	0.425	0.41	0.41	0.425	0.438	0.438	0.438	0.438	0.39	0.39	0.412	0.382	0.429	0.516	0.516	0.263	0.263	0.524	0.476	0.357	0.381	0.459	0.517	0.452	0.467	0.448	0.448	0.419	0.467	0.467	0.467	0.467	0.467	0.433	0.433	0.433	0.4	0.459	0.486	0.0	0.429	0.467	0.467
Malagasy	0.35	0.35	0.35	0.375	0.31	0.375	0.41	0.3	0.325	0.325	0.308	0.359	0.333	0.359	0.368	0.368	0.368	0.368	0.342	0.306	0.306	0.306	0.306	0.333	0.333	0.303	0.333	0.324	0.364	0.364	0.471	0.471	0.318	0.364	0.293	0.275	0.262	0.211	0.294	0.237	0.205	0.231	0.343	0.243	0.243	0.243	0.216	0.189	0.189	0.189	0.189	0.27	0.308	0.375	0.429	0.0	0.303	0.303
Archi	0.278	0.278	0.278	0.286	0.306	0.286	0.286	0.25	0.243	0.243	0.265	0.229	0.265	0.229	0.229	0.229	0.229	0.229	0.257	0.211	0.211	0.211	0.211	0.194	0.194	0.189	0.189	0.27	0.158	0.158	0.412	0.412	0.429	0.429	0.25	0.257	0.273	0.235	0.243	0.286	0.222	0.25	0.286	0.294	0.294	0.294	0.229	0.212	0.2	0.2	0.2	0.222	0.324	0.286	0.467	0.303	0.0	0.026
Lak	0.278	0.278	0.278	0.286	0.306	0.286	0.286	0.25	0.243	0.243	0.265	0.229	0.265	0.229	0.229	0.229	0.229	0.229	0.257	0.211	0.211	0.211	0.211	0.194	0.194	0.189	0.189	0.27	0.158	0.158	0.412	0.412	0.429	0.429	0.25	0.257	0.273	0.235	0.243	0.286	0.222	0.25	0.286	0.294	0.294	0.294	0.229	0.212	0.2	0.2	0.2	0.222	0.324	0.286	0.467	0.303	0.026	0.0
